# Exemplo 1
(0.003815 + 1234567890) - 1234567890
0.003815 + (1234567890 - 1234567890)

# Exemplo 2

x1 <- 0.003815
x2 <- 1234567890


resultado1 <- (x1 + x2) - x2
resultado1

resultado2 <- x1 + (x2 - x2)
resultado2

# Exemplo 3

x1 <- 0.3815
x2 <- 1234567890


resultado1 <- (x1 + x2) - x2
resultado1

resultado2 <- x1 + (x2 - x2)
resultado2

# Exemplo 4

x1 <- 0.00000003815
x2 <- 1234567890


resultado1 <- (x1 + x2) - x2
resultado1

resultado2 <- x1 + (x2 - x2)
resultado2