# Exemplo 1

(0.003815+1234567890)-1234567890
0.003815+(1234567890-1234567890)

# Exemplo 2

x1<-0.003815
x2<-1234567890


Resultado1<-(x1+x2)-x2
Resultado1

Resultado2<-x1+(x2-x2)
Resultado2

# Exemplo 3

x1<-0.3815
x2<-1234567890


Resultado1<-(x1+x2)-x2
Resultado1

Resultado2<-x1+(x2-x2)
Resultado2

# Exemplo 4

x1<-0.00000003815
x2<-1234567890


Resultado1<-(x1+x2)-x2
Resultado1

Resultado2<-x1+(x2-x2)
Resultado2