#
# Exemplo 3
#

# atribui valores para x1 e x2
x1 <- 0.3815
x2 <- 123456789015
# cálculo 1
resultado1 <- (x1 + x2) - x2
resultado1
# cálculo 2
resultado2 <- x1 + (x2 - x2)
resultado2