#
# Exemplo 4
#

# Atribui valores as variáveis x1 e x2
x1 <- 0.00000003815
x2 <- 1234567890
# faz o cálculo 1
resultado1 <- (x1 + x2) - x2
resultado1
# cálculo 2
resultado2 <- x1 + (x2 - x2)
resultado2